10
0 304 205 106 238 494 301 919 166 120
304 0 228 602 496 866 698 378 130 256
205 228 0 709 565 789 134 640 452 846
106 602 709 0 270 951 398 632 917 560
238 496 565 270 0 687 674 713 403 223
494 866 789 951 687 0 168 570 654 174
301 698 134 398 674 168 0 308 129 358
919 378 640 632 713 570 308 0 125 796
166 130 452 917 403 654 129 125 0 168
120 256 846 560 223 174 358 796 168 0
