6
0 63 141 212 232 239
63 0 78 149 169 176
141 78 0 71 91 98
212 149 71 0 20 27
232 169 91 20 0 7
239 176 98 27 7 0
