10
0 125 257 187 103 121 250 14 145 238
125 0 176 106 22 40 169 111 64 157
257 176 0 70 154 172 133 243 112 121
187 106 70 0 84 102 63 173 42 51
103 22 154 84 0 18 147 89 42 135
121 40 172 102 18 0 165 107 60 153
250 169 133 63 147 165 0 236 105 114
14 111 243 173 89 107 236 0 131 224
145 64 112 42 42 60 105 131 0 93
238 157 121 51 135 153 114 224 93 0
