50
0 105 132 84 185 17 51 116 19 108 128 165 125 21 113 68 118 119 107 1 92 66 182 121 162 76 122 104 98 70 150 103 123 39 123 103 96 14 63 191 47 113 181 31 102 95 94 75 112 86
105 0 235 187 288 120 154 219 122 211 231 268 228 84 216 171 17 222 210 104 195 39 285 224 265 179 225 207 201 43 253 2 226 66 226 206 199 91 42 294 58 216 284 134 205 10 197 30 215 189
132 235 0 80 53 115 81 76 113 68 4 33 85 151 73 64 248 79 25 131 52 196 50 81 30 72 10 64 58 200 18 233 83 169 11 63 92 144 193 59 177 73 49 101 30 225 54 205 72 46
84 187 80 0 133 67 33 64 65 56 76 113 73 103 61 16 200 67 55 83 40 148 130 69 110 24 70 52 46 152 98 185 71 121 71 51 12 96 145 139 129 61 129 53 50 177 42 157 60 34
185 288 53 133 0 168 134 129 166 121 57 20 138 204 126 117 301 132 78 184 105 249 43 134 23 125 63 117 111 253 35 286 136 222 64 116 145 197 246 6 230 126 36 154 83 278 107 258 125 99
17 120 115 67 168 0 34 99 2 91 111 148 108 36 96 51 133 102 90 16 75 81 165 104 145 59 105 87 81 85 133 118 106 54 106 86 79 29 78 174 62 96 164 14 85 110 77 90 95 69
51 154 81 33 134 34 0 65 32 57 77 114 74 70 62 17 167 68 56 50 41 115 131 70 111 25 71 53 47 119 99 152 72 88 72 52 45 63 112 140 96 62 130 20 51 144 43 124 61 35
116 219 76 64 129 99 65 0 97 28 72 109 45 135 57 48 232 63 51 115 36 180 126 41 106 56 66 48 18 184 94 217 67 153 67 47 76 128 177 135 161 57 125 85 46 209 22 189 56 30
19 122 113 65 166 2 32 97 0 89 109 146 106 38 94 49 135 100 88 18 73 83 163 102 143 57 103 85 79 87 131 120 104 56 104 84 77 31 80 172 64 94 162 12 83 112 75 92 93 67
108 211 68 56 121 91 57 28 89 0 64 101 17 127 49 40 224 55 43 107 28 172 118 13 98 48 58 40 10 176 86 209 59 145 59 39 68 120 169 127 153 49 117 77 38 201 14 181 48 22
128 231 4 76 57 111 77 72 109 64 0 37 81 147 69 60 244 75 21 127 48 192 54 77 34 68 6 60 54 196 22 229 79 165 7 59 88 140 189 63 173 69 53 97 26 221 50 201 68 42
165 268 33 113 20 148 114 109 146 101 37 0 118 184 106 97 281 112 58 164 85 229 23 114 3 105 43 97 91 233 15 266 116 202 44 96 125 177 226 26 210 106 16 134 63 258 87 238 105 79
125 228 85 73 138 108 74 45 106 17 81 118 0 144 66 57 241 72 60 124 45 189 135 30 115 65 75 57 27 193 103 226 76 162 76 56 85 137 186 144 170 66 134 94 55 218 31 198 65 39
21 84 151 103 204 36 70 135 38 127 147 184 144 0 132 87 97 138 126 20 111 45 201 140 181 95 141 123 117 49 169 82 142 18 142 122 115 7 42 210 26 132 200 50 121 74 113 54 131 105
113 216 73 61 126 96 62 57 94 49 69 106 66 132 0 45 229 26 48 112 21 177 123 62 103 53 63 11 39 181 91 214 52 150 64 10 73 125 174 132 158 42 122 82 43 206 35 186 41 27
68 171 64 16 117 51 17 48 49 40 60 97 57 87 45 0 184 51 39 67 24 132 114 53 94 8 54 36 30 136 82 169 55 105 55 35 28 80 129 123 113 45 113 37 34 161 26 141 44 18
118 17 248 200 301 133 167 232 135 224 244 281 241 97 229 184 0 235 223 117 208 52 298 237 278 192 238 220 214 56 266 15 239 79 239 219 212 104 55 307 71 229 297 147 218 23 210 43 228 202
119 222 79 67 132 102 68 63 100 55 75 112 72 138 26 51 235 0 54 118 27 183 129 68 109 59 69 17 45 187 97 220 58 156 70 16 79 131 180 138 164 48 128 88 49 212 41 192 47 33
107 210 25 55 78 90 56 51 88 43 21 58 60 126 48 39 223 54 0 106 27 171 75 56 55 47 15 39 33 175 43 208 58 144 16 38 67 119 168 84 152 48 74 76 5 200 29 180 47 21
1 104 131 83 184 16 50 115 18 107 127 164 124 20 112 67 117 118 106 0 91 65 181 120 161 75 121 103 97 69 149 102 122 38 122 102 95 13 62 190 46 112 180 30 101 94 93 74 111 85
92 195 52 40 105 75 41 36 73 28 48 85 45 111 21 24 208 27 27 91 0 156 102 41 82 32 42 12 18 160 70 193 31 129 43 11 52 104 153 111 137 21 101 61 22 185 14 165 20 6
66 39 196 148 249 81 115 180 83 172 192 229 189 45 177 132 52 183 171 65 156 0 246 185 226 140 186 168 162 4 214 37 187 27 187 167 160 52 3 255 19 177 245 95 166 29 158 9 176 150
182 285 50 130 43 165 131 126 163 118 54 23 135 201 123 114 298 129 75 181 102 246 0 131 20 122 60 114 108 250 32 283 133 219 61 113 142 194 243 49 227 123 39 151 80 275 104 255 122 96
121 224 81 69 134 104 70 41 102 13 77 114 30 140 62 53 237 68 56 120 41 185 131 0 111 61 71 53 23 189 99 222 72 158 72 52 81 133 182 140 166 62 130 90 51 214 27 194 61 35
162 265 30 110 23 145 111 106 143 98 34 3 115 181 103 94 278 109 55 161 82 226 20 111 0 102 40 94 88 230 12 263 113 199 41 93 122 174 223 29 207 103 19 131 60 255 84 235 102 76
76 179 72 24 125 59 25 56 57 48 68 105 65 95 53 8 192 59 47 75 32 140 122 61 102 0 62 44 38 144 90 177 63 113 63 43 36 88 137 131 121 53 121 45 42 169 34 149 52 26
122 225 10 70 63 105 71 66 103 58 6 43 75 141 63 54 238 69 15 121 42 186 60 71 40 62 0 54 48 190 28 223 73 159 1 53 82 134 183 69 167 63 59 91 20 215 44 195 62 36
104 207 64 52 117 87 53 48 85 40 60 97 57 123 11 36 220 17 39 103 12 168 114 53 94 44 54 0 30 172 82 205 43 141 55 1 64 116 165 123 149 33 113 73 34 197 26 177 32 18
98 201 58 46 111 81 47 18 79 10 54 91 27 117 39 30 214 45 33 97 18 162 108 23 88 38 48 30 0 166 76 199 49 135 49 29 58 110 159 117 143 39 107 67 28 191 4 171 38 12
70 43 200 152 253 85 119 184 87 176 196 233 193 49 181 136 56 187 175 69 160 4 250 189 230 144 190 172 166 0 218 41 191 31 191 171 164 56 7 259 23 181 249 99 170 33 162 13 180 154
150 253 18 98 35 133 99 94 131 86 22 15 103 169 91 82 266 97 43 149 70 214 32 99 12 90 28 82 76 218 0 251 101 187 29 81 110 162 211 41 195 91 31 119 48 243 72 223 90 64
103 2 233 185 286 118 152 217 120 209 229 266 226 82 214 169 15 220 208 102 193 37 283 222 263 177 223 205 199 41 251 0 224 64 224 204 197 89 40 292 56 214 282 132 203 8 195 28 213 187
123 226 83 71 136 106 72 67 104 59 79 116 76 142 52 55 239 58 58 122 31 187 133 72 113 63 73 43 49 191 101 224 0 160 74 42 83 135 184 142 168 12 132 92 53 216 45 196 11 37
39 66 169 121 222 54 88 153 56 145 165 202 162 18 150 105 79 156 144 38 129 27 219 158 199 113 159 141 135 31 187 64 160 0 160 140 133 25 24 228 8 150 218 68 139 56 131 36 149 123
123 226 11 71 64 106 72 67 104 59 7 44 76 142 64 55 239 70 16 122 43 187 61 72 41 63 1 55 49 191 29 224 74 160 0 54 83 135 184 70 168 64 60 92 21 216 45 196 63 37
103 206 63 51 116 86 52 47 84 39 59 96 56 122 10 35 219 16 38 102 11 167 113 52 93 43 53 1 29 171 81 204 42 140 54 0 63 115 164 122 148 32 112 72 33 196 25 176 31 17
96 199 92 12 145 79 45 76 77 68 88 125 85 115 73 28 212 79 67 95 52 160 142 81 122 36 82 64 58 164 110 197 83 133 83 63 0 108 157 151 141 73 141 65 62 189 54 169 72 46
14 91 144 96 197 29 63 128 31 120 140 177 137 7 125 80 104 131 119 13 104 52 194 133 174 88 134 116 110 56 162 89 135 25 135 115 108 0 49 203 33 125 193 43 114 81 106 61 124 98
63 42 193 145 246 78 112 177 80 169 189 226 186 42 174 129 55 180 168 62 153 3 243 182 223 137 183 165 159 7 211 40 184 24 184 164 157 49 0 252 16 174 242 92 163 32 155 12 173 147
191 294 59 139 6 174 140 135 172 127 63 26 144 210 132 123 307 138 84 190 111 255 49 140 29 131 69 123 117 259 41 292 142 228 70 122 151 203 252 0 236 132 42 160 89 284 113 264 131 105
47 58 177 129 230 62 96 161 64 153 173 210 170 26 158 113 71 164 152 46 137 19 227 166 207 121 167 149 143 23 195 56 168 8 168 148 141 33 16 236 0 158 226 76 147 48 139 28 157 131
113 216 73 61 126 96 62 57 94 49 69 106 66 132 42 45 229 48 48 112 21 177 123 62 103 53 63 33 39 181 91 214 12 150 64 32 73 125 174 132 158 0 122 82 43 206 35 186 1 27
181 284 49 129 36 164 130 125 162 117 53 16 134 200 122 113 297 128 74 180 101 245 39 130 19 121 59 113 107 249 31 282 132 218 60 112 141 193 242 42 226 122 0 150 79 274 103 254 121 95
31 134 101 53 154 14 20 85 12 77 97 134 94 50 82 37 147 88 76 30 61 95 151 90 131 45 91 73 67 99 119 132 92 68 92 72 65 43 92 160 76 82 150 0 71 124 63 104 81 55
102 205 30 50 83 85 51 46 83 38 26 63 55 121 43 34 218 49 5 101 22 166 80 51 60 42 20 34 28 170 48 203 53 139 21 33 62 114 163 89 147 43 79 71 0 195 24 175 42 16
95 10 225 177 278 110 144 209 112 201 221 258 218 74 206 161 23 212 200 94 185 29 275 214 255 169 215 197 191 33 243 8 216 56 216 196 189 81 32 284 48 206 274 124 195 0 187 20 205 179
94 197 54 42 107 77 43 22 75 14 50 87 31 113 35 26 210 41 29 93 14 158 104 27 84 34 44 26 4 162 72 195 45 131 45 25 54 106 155 113 139 35 103 63 24 187 0 167 34 8
75 30 205 157 258 90 124 189 92 181 201 238 198 54 186 141 43 192 180 74 165 9 255 194 235 149 195 177 171 13 223 28 196 36 196 176 169 61 12 264 28 186 254 104 175 20 167 0 185 159
112 215 72 60 125 95 61 56 93 48 68 105 65 131 41 44 228 47 47 111 20 176 122 61 102 52 62 32 38 180 90 213 11 149 63 31 72 124 173 131 157 1 121 81 42 205 34 185 0 26
86 189 46 34 99 69 35 30 67 22 42 79 39 105 27 18 202 33 21 85 6 150 96 35 76 26 36 18 12 154 64 187 37 123 37 17 46 98 147 105 131 27 95 55 16 179 8 159 26 0
