36
0 811 966 387 753 655 721 733 492 659 754 745 910 685 94 482 539 290 406 370 692 831 674 993 607 462 169 51 806 416 510 146 575 765 462 232
811 0 155 424 414 316 184 394 529 320 57 406 99 148 905 329 272 521 443 441 353 30 137 182 204 349 688 760 5 453 547 665 236 426 499 579
966 155 0 579 569 471 339 549 684 475 212 561 56 303 952 484 427 676 598 596 508 185 292 27 359 504 843 915 160 608 702 820 391 581 654 734
387 424 579 0 366 268 334 346 105 272 367 358 523 298 481 95 152 97 19 17 305 444 287 606 220 75 264 336 419 29 123 241 188 378 75 155
753 414 569 366 0 98 324 176 471 102 357 8 513 288 847 271 214 463 385 383 135 434 277 596 210 291 630 702 409 395 489 607 178 12 441 521
655 316 471 268 98 0 226 78 373 4 259 90 415 190 749 173 116 365 287 285 37 336 179 498 112 193 532 604 311 297 391 509 80 110 343 423
721 184 339 334 324 226 0 304 439 230 127 316 283 36 815 239 182 431 353 351 263 204 47 366 114 259 598 670 179 363 457 575 146 336 409 489
733 394 549 346 176 78 304 0 451 74 337 168 493 268 827 251 194 443 365 363 107 414 257 576 190 271 610 682 389 375 469 587 158 188 421 501
492 529 684 105 471 373 439 451 0 377 472 463 628 403 586 200 257 202 124 122 410 549 392 711 325 180 369 441 524 76 170 346 293 483 180 260
659 320 475 272 102 4 230 74 377 0 263 94 419 194 753 177 120 369 291 289 33 340 183 502 116 197 536 608 315 301 395 513 84 114 347 427
754 57 212 367 357 259 127 337 472 263 0 349 156 91 848 272 215 464 386 384 296 77 80 239 147 292 631 703 52 396 490 608 179 369 442 522
745 406 561 358 8 90 316 168 463 94 349 0 505 280 839 263 206 455 377 375 127 426 269 588 202 283 622 694 401 387 481 599 170 20 433 513
910 99 56 523 513 415 283 493 628 419 156 505 0 247 959 428 371 620 542 540 452 129 236 83 303 448 787 859 104 552 646 764 335 525 598 678
685 148 303 298 288 190 36 268 403 194 91 280 247 0 779 203 146 395 317 315 227 168 11 330 78 223 562 634 143 327 421 539 110 300 373 453
94 905 952 481 847 749 815 827 586 753 848 839 959 779 0 576 633 384 500 464 786 925 768 840 701 556 263 145 900 510 604 240 669 859 556 326
482 329 484 95 271 173 239 251 200 177 272 263 428 203 576 0 57 192 114 112 210 349 192 511 125 20 359 431 324 124 218 336 93 283 170 250
539 272 427 152 214 116 182 194 257 120 215 206 371 146 633 57 0 249 171 169 153 292 135 454 68 77 416 488 267 181 275 393 36 226 227 307
290 521 676 97 463 365 431 443 202 369 464 455 620 395 384 192 249 0 116 80 402 541 384 703 317 172 167 239 516 126 220 144 285 475 172 58
406 443 598 19 385 287 353 365 124 291 386 377 542 317 500 114 171 116 0 36 324 463 306 625 239 94 283 355 438 48 142 260 207 397 56 174
370 441 596 17 383 285 351 363 122 289 384 375 540 315 464 112 169 80 36 0 322 461 304 623 237 92 247 319 436 46 140 224 205 395 92 138
692 353 508 305 135 37 263 107 410 33 296 127 452 227 786 210 153 402 324 322 0 373 216 535 149 230 569 641 348 334 428 546 117 147 380 460
831 30 185 444 434 336 204 414 549 340 77 426 129 168 925 349 292 541 463 461 373 0 157 212 224 369 708 780 25 473 567 685 256 446 519 599
674 137 292 287 277 179 47 257 392 183 80 269 236 11 768 192 135 384 306 304 216 157 0 319 67 212 551 623 132 316 410 528 99 289 362 442
993 182 27 606 596 498 366 576 711 502 239 588 83 330 840 511 454 703 625 623 535 212 319 0 386 531 870 942 187 635 729 847 418 608 681 761
607 204 359 220 210 112 114 190 325 116 147 202 303 78 701 125 68 317 239 237 149 224 67 386 0 145 484 556 199 249 343 461 32 222 295 375
462 349 504 75 291 193 259 271 180 197 292 283 448 223 556 20 77 172 94 92 230 369 212 531 145 0 339 411 344 104 198 316 113 303 150 230
169 688 843 264 630 532 598 610 369 536 631 622 787 562 263 359 416 167 283 247 569 708 551 870 484 339 0 118 683 293 387 23 452 642 339 109
51 760 915 336 702 604 670 682 441 608 703 694 859 634 145 431 488 239 355 319 641 780 623 942 556 411 118 0 755 365 459 95 524 714 411 181
806 5 160 419 409 311 179 389 524 315 52 401 104 143 900 324 267 516 438 436 348 25 132 187 199 344 683 755 0 448 542 660 231 421 494 574
416 453 608 29 395 297 363 375 76 301 396 387 552 327 510 124 181 126 48 46 334 473 316 635 249 104 293 365 448 0 94 270 217 407 104 184
510 547 702 123 489 391 457 469 170 395 490 481 646 421 604 218 275 220 142 140 428 567 410 729 343 198 387 459 542 94 0 364 311 501 198 278
146 665 820 241 607 509 575 587 346 513 608 599 764 539 240 336 393 144 260 224 546 685 528 847 461 316 23 95 660 270 364 0 429 619 316 86
575 236 391 188 178 80 146 158 293 84 179 170 335 110 669 93 36 285 207 205 117 256 99 418 32 113 452 524 231 217 311 429 0 190 263 343
765 426 581 378 12 110 336 188 483 114 369 20 525 300 859 283 226 475 397 395 147 446 289 608 222 303 642 714 421 407 501 619 190 0 453 533
462 499 654 75 441 343 409 421 180 347 442 433 598 373 556 170 227 172 56 92 380 519 362 681 295 150 339 411 494 104 198 316 263 453 0 230
232 579 734 155 521 423 489 501 260 427 522 513 678 453 326 250 307 58 174 138 460 599 442 761 375 230 109 181 574 184 278 86 343 533 230 0
