27
0 844 845 965 843 829 947 885 888 891 884 842 838 946 881 890 831 951 807 940 966 847 993 840 920 873 911
844 0 837 846 633 976 840 892 976 973 923 874 871 981 939 918 941 875 924 924 948 835 870 964 866 687 863
845 837 0 863 702 830 913 964 887 993 967 952 856 895 960 923 906 963 834 851 886 908 957 878 876 972 877
965 846 863 0 841 857 904 982 966 990 869 929 891 863 859 914 963 941 867 842 983 956 947 874 874 837 982
843 633 702 841 0 838 974 895 938 965 873 890 925 991 845 834 590 829 944 511 978 884 948 922 973 915 946
829 976 830 857 838 0 842 998 974 837 631 887 932 954 885 889 830 850 902 952 915 970 938 926 912 584 956
947 840 913 904 974 842 0 885 855 930 931 746 876 925 980 868 924 799 863 943 995 907 974 978 969 844 895
885 892 964 982 895 998 885 0 992 995 903 974 866 840 848 982 876 994 969 890 976 938 936 865 586 995 912
888 976 887 966 938 974 855 992 0 959 992 848 886 999 882 990 870 941 886 860 936 653 922 880 840 933 910
891 973 993 990 965 837 930 995 959 0 948 926 835 959 943 880 898 985 985 854 836 981 991 872 659 891 804
884 923 967 869 873 631 931 903 992 948 0 860 866 869 933 924 848 896 833 859 990 920 925 866 944 896 955
842 874 952 929 890 887 746 974 848 926 860 0 962 877 947 965 949 998 918 951 964 926 947 917 908 993 981
838 871 856 891 925 932 876 866 886 835 866 962 0 990 959 907 965 878 977 909 834 593 879 898 920 935 957
946 981 895 863 991 954 925 840 999 959 869 877 990 0 919 710 888 938 917 949 948 955 870 927 839 896 844
881 939 960 859 845 885 980 848 882 943 933 947 959 919 0 880 908 959 984 927 911 949 838 915 909 942 836
890 918 923 914 834 889 868 982 990 880 924 965 907 710 880 0 832 990 948 876 944 844 998 862 920 984 834
831 941 906 963 590 830 924 876 870 898 848 949 965 888 908 832 0 944 860 966 938 974 902 987 853 829 921
951 875 963 941 829 850 799 994 941 985 896 998 878 938 959 990 944 0 928 844 905 835 920 967 962 890 978
807 924 834 867 944 902 863 969 886 985 833 918 977 917 984 948 860 928 0 972 762 865 979 937 864 911 876
940 924 851 842 511 952 943 890 860 854 859 951 909 949 927 876 966 844 972 0 889 969 909 872 902 941 919
966 948 886 983 978 915 995 976 936 836 990 964 834 948 911 944 938 905 762 889 0 879 915 971 532 895 864
847 835 908 956 884 970 907 938 653 981 920 926 593 955 949 844 974 835 865 969 879 0 931 845 977 901 936
993 870 957 947 948 938 974 936 922 991 925 947 879 870 838 998 902 920 979 909 915 931 0 512 929 926 866
840 964 878 874 922 926 978 865 880 872 866 917 898 927 915 862 987 967 937 872 971 845 512 0 885 838 951
920 866 876 874 973 912 969 586 840 659 944 908 920 839 909 920 853 962 864 902 532 977 929 885 0 973 944
873 687 972 837 915 584 844 995 933 891 896 993 935 896 942 984 829 890 911 941 895 901 926 838 973 0 847
911 863 877 982 946 956 895 912 910 804 955 981 957 844 836 834 921 978 876 919 864 936 866 951 944 847 0
