17
0 672 949 866 976 917 899 943 905 955 575 762 907 836 870 983 867
672 0 974 882 993 891 976 970 928 916 996 910 995 955 853 905 905
949 974 0 932 986 822 857 935 854 909 944 923 898 923 868 793 874
866 882 932 0 935 885 995 657 963 872 855 952 886 881 742 1000 859
976 993 986 935 0 873 853 834 890 986 701 976 858 920 904 882 863
917 891 822 885 873 0 917 990 914 996 873 918 976 908 841 834 972
899 976 857 995 853 917 0 854 881 848 896 871 561 878 890 862 868
943 970 935 657 834 990 854 0 887 948 928 917 847 959 837 972 882
905 928 854 963 890 914 881 887 0 914 973 652 960 995 834 894 959
955 916 909 872 986 996 848 948 914 0 976 843 879 929 858 905 790
575 996 944 855 701 873 896 928 973 976 0 850 892 839 929 994 885
762 910 923 952 976 918 871 917 652 843 850 0 903 964 853 943 895
907 995 898 886 858 976 561 847 960 879 892 903 0 898 964 938 992
836 955 923 881 920 908 878 959 995 929 839 964 898 0 964 942 903
870 853 868 742 904 841 890 837 834 858 929 853 964 964 0 954 958
983 905 793 1000 882 834 862 972 894 905 994 943 938 942 954 0 835
867 905 874 859 863 972 868 882 959 790 885 895 992 903 958 835 0
