42
0 58 63 25 80 35 56 8 3 54 75 35 6 100 12 72 49 4 71 93 41 47 92 68 6 26 11 30 3 88 100 81 56 96 19 19 50 4 62 15 48 42
58 0 121 83 138 93 114 66 61 112 133 93 64 158 70 130 107 62 129 151 99 105 150 126 64 84 69 88 61 146 158 139 114 154 77 77 108 62 120 73 106 100
63 121 0 88 143 98 119 71 66 117 138 98 69 163 75 135 112 67 134 156 104 110 155 131 69 89 74 93 66 151 163 144 119 159 82 82 113 67 125 78 111 105
25 83 88 0 105 60 81 33 28 79 100 60 31 125 37 97 74 29 96 118 66 72 117 93 31 51 36 55 28 113 125 106 81 121 44 44 75 29 87 40 73 67
80 138 143 105 0 115 136 88 83 134 155 115 86 180 92 152 129 84 151 173 121 127 172 148 86 106 91 110 83 168 180 161 136 176 99 99 130 84 142 95 128 122
35 93 98 60 115 0 91 43 38 89 110 70 41 135 47 107 84 39 106 128 76 82 127 103 41 61 46 65 38 123 135 116 91 131 54 54 85 39 97 50 83 77
56 114 119 81 136 91 0 64 59 110 131 91 62 156 68 128 105 60 127 149 97 103 148 124 62 82 67 86 59 144 156 137 112 152 75 75 106 60 118 71 104 98
8 66 71 33 88 43 64 0 11 62 83 43 14 108 20 80 57 12 79 101 49 55 100 76 14 34 19 38 11 96 108 89 64 104 27 27 58 12 70 23 56 50
3 61 66 28 83 38 59 11 0 57 78 38 9 103 15 75 52 7 74 96 44 50 95 71 9 29 14 33 6 91 103 84 59 99 22 22 53 7 65 18 51 45
54 112 117 79 134 89 110 62 57 0 129 89 60 154 66 126 103 58 125 147 95 101 146 122 60 80 65 84 57 142 154 135 110 150 73 73 104 58 116 69 102 96
75 133 138 100 155 110 131 83 78 129 0 110 81 175 87 147 124 79 146 168 116 122 167 143 81 101 86 105 78 163 175 156 131 171 94 94 125 79 137 90 123 117
35 93 98 60 115 70 91 43 38 89 110 0 41 135 47 107 84 39 106 128 76 82 127 103 41 61 46 65 38 123 135 116 91 131 54 54 85 39 97 50 83 77
6 64 69 31 86 41 62 14 9 60 81 41 0 106 18 78 55 10 77 99 47 53 98 74 12 32 17 36 9 94 106 87 62 102 25 25 56 10 68 21 54 48
100 158 163 125 180 135 156 108 103 154 175 135 106 0 112 172 149 104 171 193 141 147 192 168 106 126 111 130 103 188 200 181 156 196 119 119 150 104 162 115 148 142
12 70 75 37 92 47 68 20 15 66 87 47 18 112 0 84 61 16 83 105 53 59 104 80 18 38 23 42 15 100 112 93 68 108 31 31 62 16 74 27 60 54
72 130 135 97 152 107 128 80 75 126 147 107 78 172 84 0 121 76 143 165 113 119 164 140 78 98 83 102 75 160 172 153 128 168 91 91 122 76 134 87 120 114
49 107 112 74 129 84 105 57 52 103 124 84 55 149 61 121 0 53 120 142 90 96 141 117 55 75 60 79 52 137 149 130 105 145 68 68 99 53 111 64 97 91
4 62 67 29 84 39 60 12 7 58 79 39 10 104 16 76 53 0 75 97 45 51 96 72 10 30 15 34 7 92 104 85 60 100 23 23 54 8 66 19 52 46
71 129 134 96 151 106 127 79 74 125 146 106 77 171 83 143 120 75 0 164 112 118 163 139 77 97 82 101 74 159 171 152 127 167 90 90 121 75 133 86 119 113
93 151 156 118 173 128 149 101 96 147 168 128 99 193 105 165 142 97 164 0 134 140 185 161 99 119 104 123 96 181 193 174 149 189 112 112 143 97 155 108 141 135
41 99 104 66 121 76 97 49 44 95 116 76 47 141 53 113 90 45 112 134 0 88 133 109 47 67 52 71 44 129 141 122 97 137 60 60 91 45 103 56 89 83
47 105 110 72 127 82 103 55 50 101 122 82 53 147 59 119 96 51 118 140 88 0 139 115 53 73 58 77 50 135 147 128 103 143 66 66 97 51 109 62 95 89
92 150 155 117 172 127 148 100 95 146 167 127 98 192 104 164 141 96 163 185 133 139 0 160 98 118 103 122 95 180 192 173 148 188 111 111 142 96 154 107 140 134
68 126 131 93 148 103 124 76 71 122 143 103 74 168 80 140 117 72 139 161 109 115 160 0 74 94 79 98 71 156 168 149 124 164 87 87 118 72 130 83 116 110
6 64 69 31 86 41 62 14 9 60 81 41 12 106 18 78 55 10 77 99 47 53 98 74 0 32 17 36 9 94 106 87 62 102 25 25 56 10 68 21 54 48
26 84 89 51 106 61 82 34 29 80 101 61 32 126 38 98 75 30 97 119 67 73 118 94 32 0 37 56 29 114 126 107 82 122 45 45 76 30 88 41 74 68
11 69 74 36 91 46 67 19 14 65 86 46 17 111 23 83 60 15 82 104 52 58 103 79 17 37 0 41 14 99 111 92 67 107 30 30 61 15 73 26 59 53
30 88 93 55 110 65 86 38 33 84 105 65 36 130 42 102 79 34 101 123 71 77 122 98 36 56 41 0 33 118 130 111 86 126 49 49 80 34 92 45 78 72
3 61 66 28 83 38 59 11 6 57 78 38 9 103 15 75 52 7 74 96 44 50 95 71 9 29 14 33 0 91 103 84 59 99 22 22 53 7 65 18 51 45
88 146 151 113 168 123 144 96 91 142 163 123 94 188 100 160 137 92 159 181 129 135 180 156 94 114 99 118 91 0 188 169 144 184 107 107 138 92 150 103 136 130
100 158 163 125 180 135 156 108 103 154 175 135 106 200 112 172 149 104 171 193 141 147 192 168 106 126 111 130 103 188 0 181 156 196 119 119 150 104 162 115 148 142
81 139 144 106 161 116 137 89 84 135 156 116 87 181 93 153 130 85 152 174 122 128 173 149 87 107 92 111 84 169 181 0 137 177 100 100 131 85 143 96 129 123
56 114 119 81 136 91 112 64 59 110 131 91 62 156 68 128 105 60 127 149 97 103 148 124 62 82 67 86 59 144 156 137 0 152 75 75 106 60 118 71 104 98
96 154 159 121 176 131 152 104 99 150 171 131 102 196 108 168 145 100 167 189 137 143 188 164 102 122 107 126 99 184 196 177 152 0 115 115 146 100 158 111 144 138
19 77 82 44 99 54 75 27 22 73 94 54 25 119 31 91 68 23 90 112 60 66 111 87 25 45 30 49 22 107 119 100 75 115 0 38 69 23 81 34 67 61
19 77 82 44 99 54 75 27 22 73 94 54 25 119 31 91 68 23 90 112 60 66 111 87 25 45 30 49 22 107 119 100 75 115 38 0 69 23 81 34 67 61
50 108 113 75 130 85 106 58 53 104 125 85 56 150 62 122 99 54 121 143 91 97 142 118 56 76 61 80 53 138 150 131 106 146 69 69 0 54 112 65 98 92
4 62 67 29 84 39 60 12 7 58 79 39 10 104 16 76 53 8 75 97 45 51 96 72 10 30 15 34 7 92 104 85 60 100 23 23 54 0 66 19 52 46
62 120 125 87 142 97 118 70 65 116 137 97 68 162 74 134 111 66 133 155 103 109 154 130 68 88 73 92 65 150 162 143 118 158 81 81 112 66 0 77 110 104
15 73 78 40 95 50 71 23 18 69 90 50 21 115 27 87 64 19 86 108 56 62 107 83 21 41 26 45 18 103 115 96 71 111 34 34 65 19 77 0 63 57
48 106 111 73 128 83 104 56 51 102 123 83 54 148 60 120 97 52 119 141 89 95 140 116 54 74 59 78 51 136 148 129 104 144 67 67 98 52 110 63 0 90
42 100 105 67 122 77 98 50 45 96 117 77 48 142 54 114 91 46 113 135 83 89 134 110 48 68 53 72 45 130 142 123 98 138 61 61 92 46 104 57 90 0
