27
0 901 992 849 930 917 917 954 883 906 936 956 993 855 982 985 999 984 950 935 892 868 967 860 930 859 954
901 0 566 930 942 858 890 894 936 876 947 883 869 917 915 851 863 957 871 920 944 972 893 924 884 951 950
992 566 0 583 859 955 829 875 836 898 852 901 994 970 946 965 967 988 937 865 866 924 879 846 979 987 928
849 930 583 0 922 912 922 856 930 947 964 869 829 850 930 921 885 917 841 935 956 910 873 997 903 913 929
930 942 859 922 0 667 952 895 916 928 992 965 973 840 964 911 952 915 840 942 960 957 882 942 935 886 847
917 858 955 912 667 0 681 853 847 836 988 966 961 893 924 863 856 926 900 932 869 853 973 896 979 933 947
917 890 829 922 952 681 0 811 938 960 835 918 983 909 859 837 983 916 967 975 885 856 908 931 984 946 970
954 894 875 856 895 853 811 0 755 863 974 980 867 829 901 925 926 888 982 862 877 898 955 934 832 855 904
883 936 836 930 916 847 938 755 0 586 844 942 899 895 986 881 845 975 887 936 988 864 858 987 866 966 897
906 876 898 947 928 836 960 863 586 0 742 943 978 938 915 864 948 934 943 836 846 871 947 888 964 994 902
936 947 852 964 992 988 835 974 844 742 0 642 901 833 834 900 967 939 953 916 878 953 840 926 932 974 846
956 883 901 869 965 966 918 980 942 943 642 0 575 952 950 953 863 996 876 914 830 997 981 899 878 979 898
993 869 994 829 973 961 983 867 899 978 901 575 0 870 920 900 981 872 831 983 899 850 892 948 903 868 848
855 917 970 850 840 893 909 829 895 938 833 952 870 0 563 895 994 943 882 829 972 944 974 882 887 879 840
982 915 946 930 964 924 859 901 986 915 834 950 920 563 0 537 963 934 961 971 918 878 879 987 942 934 945
985 851 965 921 911 863 837 925 881 864 900 953 900 895 537 0 502 993 953 862 882 970 956 914 879 830 941
999 863 967 885 952 856 983 926 845 948 967 863 981 994 963 502 0 976 896 894 960 917 1000 983 915 942 834
984 957 988 917 915 926 916 888 975 934 939 996 872 943 934 993 976 0 751 894 928 941 945 852 924 915 888
950 871 937 841 840 900 967 982 887 943 953 876 831 882 961 953 896 751 0 648 897 924 903 914 950 979 829
935 920 865 935 942 932 975 862 936 836 916 914 983 829 971 862 894 894 648 0 580 833 855 933 891 887 946
892 944 866 956 960 869 885 877 988 846 878 830 899 972 918 882 960 928 897 580 0 684 964 990 960 994 885
868 972 924 910 957 853 856 898 864 871 953 997 850 944 878 970 917 941 924 833 684 0 771 973 888 901 847
967 893 879 873 882 973 908 955 858 947 840 981 892 974 879 956 1000 945 903 855 964 771 0 712 916 968 866
860 924 846 997 942 896 931 934 987 888 926 899 948 882 987 914 983 852 914 933 990 973 712 0 763 876 829
930 884 979 903 935 979 984 832 866 964 932 878 903 887 942 879 915 924 950 891 960 888 916 763 0 776 899
859 951 987 913 886 933 946 855 966 994 974 979 868 879 934 830 942 915 979 887 994 901 968 876 776 0 631
954 950 928 929 847 947 970 904 897 902 846 898 848 840 945 941 834 888 829 946 885 847 866 829 899 631 0
