35
0 613 898 843 782 682 900 624 688 774 872 743 709 600 693 902 860 957 894 904 756 817 569 514 921 846 993 893 966 987 911 832 961 933 985
613 0 848 914 903 921 874 852 911 944 979 920 834 922 976 961 961 996 974 836 888 851 947 848 890 956 933 802 838 877 955 693 919 933 836
898 848 0 974 896 974 944 954 982 838 912 943 999 978 859 870 987 930 967 966 990 849 829 962 911 850 976 831 949 924 931 859 933 911 938
843 914 974 0 938 879 938 864 888 893 925 931 970 928 866 938 938 874 994 857 829 841 974 855 906 919 839 929 961 932 949 831 845 951 939
782 903 896 938 0 845 935 990 830 937 938 961 845 918 846 833 990 880 960 841 893 919 880 997 882 963 992 876 850 841 887 953 981 940 971
682 921 974 879 845 0 952 903 936 986 974 954 962 846 890 890 863 835 983 849 941 832 969 850 919 965 962 878 899 977 935 969 986 855 860
900 874 944 938 935 952 0 965 892 963 892 854 933 983 950 948 850 967 837 951 939 849 840 833 863 872 909 920 931 913 882 952 864 855 890
624 852 954 864 990 903 965 0 998 990 955 869 859 919 902 974 930 932 923 877 924 966 922 917 925 951 893 978 893 901 888 910 841 899 918
688 911 982 888 830 936 892 998 0 884 899 967 922 983 894 890 900 861 858 975 891 937 880 891 933 956 956 952 950 830 976 921 885 836 999
774 944 838 893 937 986 963 990 884 0 834 909 979 971 949 997 957 860 967 932 967 907 903 936 924 869 926 925 960 914 993 983 834 922 980
872 979 912 925 938 974 892 955 899 834 0 919 865 830 875 1000 925 940 936 993 955 996 831 999 989 986 842 930 932 854 859 936 850 891 914
743 920 943 931 961 954 854 869 967 909 919 0 934 974 985 931 985 979 970 897 892 907 968 928 883 887 942 878 961 992 879 888 833 897 829
709 834 999 970 845 962 933 859 922 979 865 934 0 972 982 897 929 995 949 918 914 835 967 987 862 992 995 951 882 981 844 853 932 939 920
600 922 978 928 918 846 983 919 983 971 830 974 972 0 939 969 912 917 932 895 860 836 894 845 923 994 852 941 877 890 898 931 966 899 952
693 976 859 866 846 890 950 902 894 949 875 985 982 939 0 935 962 906 875 956 957 998 857 995 956 938 833 887 896 870 913 963 996 999 961
902 961 870 938 833 890 948 974 890 997 1000 931 897 969 935 0 977 888 885 973 981 895 927 832 855 873 942 916 864 903 894 836 983 971 972
860 961 987 938 990 863 850 930 900 957 925 985 929 912 962 977 0 905 872 926 845 932 880 933 910 973 897 947 847 930 891 963 909 877 863
957 996 930 874 880 835 967 932 861 860 940 979 995 917 906 888 905 0 990 972 998 892 830 966 860 982 988 829 927 970 922 977 979 987 840
894 974 967 994 960 983 837 923 858 967 936 970 949 932 875 885 872 990 0 865 986 936 986 924 983 928 991 908 952 860 913 954 978 852 921
904 836 966 857 841 849 951 877 975 932 993 897 918 895 956 973 926 972 865 0 917 973 906 985 941 856 829 964 833 920 958 931 974 977 892
756 888 990 829 893 941 939 924 891 967 955 892 914 860 957 981 845 998 986 917 0 883 935 846 867 883 869 837 836 980 960 858 829 850 855
817 851 849 841 919 832 849 966 937 907 996 907 835 836 998 895 932 892 936 973 883 0 901 938 890 996 950 932 992 942 973 883 856 871 891
569 947 829 974 880 969 840 922 880 903 831 968 967 894 857 927 880 830 986 906 935 901 0 882 911 963 893 969 972 958 877 958 922 859 995
514 848 962 855 997 850 833 917 891 936 999 928 987 845 995 832 933 966 924 985 846 938 882 0 860 907 923 848 849 936 845 926 885 876 978
921 890 911 906 882 919 863 925 933 924 989 883 862 923 956 855 910 860 983 941 867 890 911 860 0 980 894 833 846 864 956 922 982 894 992
846 956 850 919 963 965 872 951 956 869 986 887 992 994 938 873 973 982 928 856 883 996 963 907 980 0 830 925 857 858 968 988 888 890 959
993 933 976 839 992 962 909 893 956 926 842 942 995 852 833 942 897 988 991 829 869 950 893 923 894 830 0 857 867 946 966 989 991 850 894
893 802 831 929 876 878 920 978 952 925 930 878 951 941 887 916 947 829 908 964 837 932 969 848 833 925 857 0 965 934 848 855 895 953 860
966 838 949 961 850 899 931 893 950 960 932 961 882 877 896 864 847 927 952 833 836 992 972 849 846 857 867 965 0 902 945 869 890 882 895
987 877 924 932 841 977 913 901 830 914 854 992 981 890 870 903 930 970 860 920 980 942 958 936 864 858 946 934 902 0 904 923 939 882 992
911 955 931 949 887 935 882 888 976 993 859 879 844 898 913 894 891 922 913 958 960 973 877 845 956 968 966 848 945 904 0 936 903 842 940
832 693 859 831 953 969 952 910 921 983 936 888 853 931 963 836 963 977 954 931 858 883 958 926 922 988 989 855 869 923 936 0 946 948 904
961 919 933 845 981 986 864 841 885 834 850 833 932 966 996 983 909 979 978 974 829 856 922 885 982 888 991 895 890 939 903 946 0 832 955
933 933 911 951 940 855 855 899 836 922 891 897 939 899 999 971 877 987 852 977 850 871 859 876 894 890 850 953 882 882 842 948 832 0 839
985 836 938 939 971 860 890 918 999 980 914 829 920 952 961 972 863 840 921 892 855 891 995 978 992 959 894 860 895 992 940 904 955 839 0
